Exercice 1:

q0: 0.3333333333333333
q1: 0.09090909090909091
q2: 0.25